[1mdiff --git a/img/0001.png b/img/0001.png[m
[1mdeleted file mode 100644[m
[1mindex 2713c08..0000000[m
Binary files a/img/0001.png and /dev/null differ
[1mdiff --git a/img/background.png b/img/background.png[m
[1mdeleted file mode 100644[m
[1mindex 292bbbb..0000000[m
Binary files a/img/background.png and /dev/null differ
[1mdiff --git a/img/background.svg b/img/background.svg[m
[1mdeleted file mode 100644[m
[1mindex 2d03e29..0000000[m
[1m--- a/img/background.svg[m
[1m+++ /dev/null[m
[36m@@ -1,23 +0,0 @@[m
[31m-<?xml version="1.0" encoding="UTF-8"?>[m
[31m-<!DOCTYPE svg PUBLIC "-//W3C//DTD SVG 1.1//EN" "http://www.w3.org/Graphics/SVG/1.1/DTD/svg11.dtd">[m
[31m-<!-- Creator: CorelDRAW X7 -->[m
[31m-<svg xmlns="http://www.w3.org/2000/svg" xml:space="preserve" width="210mm" height="297mm" version="1.1" style="shape-rendering:geometricPrecision; text-rendering:geometricPrecision; image-rendering:optimizeQuality; fill-rule:evenodd; clip-rule:evenodd"[m
[31m-viewBox="0 0 21000 29700"[m
[31m- xmlns:xlink="http://www.w3.org/1999/xlink">[m
[31m- <defs>[m
[31m-  <style type="text/css">[m
[31m-   <![CDATA[[m
[31m-    .fil0 {fill:#8BBD3B}[m
[31m-   ]]>[m
[31m-  </style>[m
[31m- </defs>[m
[31m- <g id="Camada_x0020_1">[m
[31m-  <metadata id="CorelCorpID_0Corel-Layer"/>[m
[31m-  <g id="_2655069814048">[m
[31m-   <path class="fil0" d="M18508 13268l-1 198c-97,20 -174,89 -248,101 -39,6 -183,-24 -220,-83 83,0 161,14 210,-17 55,-36 15,7 42,-54 -72,-39 7,-18 -90,-37 51,28 24,8 36,55 -89,0 -192,-11 -252,18 8,72 28,73 90,90l0 36c-156,41 -298,312 -410,437 -37,41 -44,59 -81,99 -166,178 -329,396 -539,524 -115,69 -398,203 -580,164 -59,-12 41,-21 -59,-10 -66,8 -72,40 -112,68l-251 110 -581 121c-556,141 -722,-36 -1225,-36 -2,-70 5,-42 -18,-90l-137 -11c-82,-18 -37,-43 -119,6 -251,148 -282,66 -541,145l-225 46c-51,12 -15,14 -78,31 48,-91 57,-95 0,-181 -90,24 -81,62 -90,162 -9,89 -18,61 -24,99 -8,49 10,38 24,100 -88,20 -549,283 -679,348 -84,42 -160,84 -240,120l-243 101c-199,47 -48,-99 -341,144l-394 489c-57,67 -121,115 -179,181 -41,46 -28,43 -76,87 -229,206 -394,316 -711,354l-110 -3c-3,-1 -7,-4 -10,-4 -3,-1 -8,-2 -11,-3 -56,-5 -127,71 -249,114 -103,36 -66,51 -235,90 15,-41 4,-14 30,-42 12,-14 32,-30 47,-43 37,-34 64,-58 83,-98 54,-117 39,-126 152,-208 121,-87 93,-165 169,-281 59,-91 48,-96 67,-203 9,-50 29,-87 26,-133 -3,-53 -25,-63 -39,-140 -16,-86 20,-201 41,-295 24,-108 -8,-185 -34,-289 -24,-97 11,-183 35,-286 -81,-111 -25,38 -97,-193 -1,-4 -3,-9 -5,-13 -1,-5 -4,-9 -5,-13 -2,-4 -4,-9 -5,-13 -19,-61 22,-102 16,-196 -4,-72 -8,-72 25,-147l105 -185c15,-35 26,-50 37,-74 37,-81 22,-88 -53,-72l-165 38c-87,27 -190,109 -290,81 -138,-40 -188,20 -313,-50 -168,-95 -179,87 -435,-50 -60,-32 -80,-34 -149,-50l-252 180c-119,-80 -136,-204 -303,-105 -75,45 -43,15 -121,41 -86,28 -100,98 -182,142 -124,66 -113,4 -157,168 -17,63 -8,71 -54,109 -43,35 -79,33 -110,51 -105,64 2,216 -185,464l-265 384c-111,182 -263,455 -317,656 -27,99 -43,139 -64,260 -19,104 -38,167 -75,250 -41,94 -82,116 -49,255 47,193 -24,83 -28,262l-36 0c0,-120 15,-177 -108,-180 -45,-530 -225,-573 -92,-1172 31,-140 54,-258 79,-408 22,-133 35,-262 74,-395 20,-69 37,-101 59,-175 31,-104 17,-110 25,-228 13,-186 242,-696 -73,-703 -64,120 -109,210 -109,396 1,176 -42,304 -52,452 -14,185 -33,274 -66,439 -20,101 -92,537 -144,612 -47,67 -158,37 -72,381 17,65 46,114 63,190l135 622c15,71 23,150 30,223 8,95 12,106 -6,211 -25,149 -71,356 -182,468 -141,141 -54,44 -91,232 -8,40 -26,66 -33,93 -23,94 14,-11 -5,88 -10,51 -62,120 -87,164 -146,262 -220,573 -429,797l-314 298c-78,66 -168,143 -224,226 -58,-38 -13,-29 -90,-36 -25,37 -51,67 -89,92l-55 35c-36,28 -4,16 -54,54 -85,-57 -99,-45 -127,-163 121,-2 265,-91 330,-157 86,-85 86,-142 112,-248 5,-23 20,-63 31,-95 40,-119 101,-212 147,-340 77,-214 94,-374 121,-599 11,-88 36,-87 35,-218 -1,-173 13,-291 16,-470 5,-207 145,-230 126,-357 -10,-71 -72,-72 -65,-181 4,-62 50,-113 66,-182 -19,-72 -64,-75 -85,-167 -25,-112 -20,-109 -79,-191 -45,-62 -33,-121 -118,-154 -87,-34 -154,10 -222,25l-87 -255c-60,-113 -288,-52 -369,-136 -62,-65 -38,-119 -158,-131 -199,-19 -88,-8 -202,-85 -90,-61 -102,7 -184,-105l-188 -244c-36,-45 -19,-47 -92,-53 -20,89 -27,166 -37,270 -5,53 -10,66 -26,118 -27,88 -69,120 -106,200 -26,58 -34,48 -77,85 -94,78 -47,102 -204,102l-148 267c-83,77 -149,126 -201,232 -197,402 -176,202 -295,443 -24,50 -21,30 -44,64 -56,81 -42,244 -84,332 -35,73 -24,87 9,164 76,174 -24,160 -11,315 5,63 35,122 48,170 43,163 30,190 154,279 127,91 158,226 251,379 34,54 38,94 65,152 87,187 209,205 277,353 27,59 56,81 86,131 88,142 23,142 211,203 138,46 98,119 240,193 447,232 501,-10 595,-73l199 325c67,114 -45,257 -90,361 -119,271 -107,44 -91,233 -90,-60 -29,-104 -180,-108 4,203 157,124 153,265 -4,115 -29,74 36,159 46,59 69,72 117,135 24,0 53,1 76,-2 94,-15 11,4 72,-25 34,-17 86,-31 105,-63 -17,-105 -91,-277 -96,-376 -21,-399 246,-666 497,-917 158,-158 328,-309 510,-445l223 -248c70,-138 -116,26 169,-549 29,-58 229,-368 264,-385 94,-48 162,9 235,-90 -86,-90 -81,-45 -199,-18 43,-116 -50,95 22,-34 18,-33 22,-5 12,-71 0,-2 -2,-8 -3,-10l83 -204c66,-113 133,-198 193,-311l47 42c3,3 6,7 9,10 36,37 58,65 116,82 121,35 137,-19 261,45 291,151 299,72 505,55 135,-12 170,53 254,23l211 -98c93,-34 99,-68 221,-85 330,-44 287,-145 500,-127 50,5 145,33 212,-26 51,-45 10,-44 71,-73 32,-16 86,-25 126,-37 346,-97 269,-50 544,-86 202,-27 178,-69 321,67 77,72 188,32 99,-61 -45,-47 -49,-16 -91,-74 178,15 60,-80 342,-90 163,-6 287,-52 433,-18 16,-25 39,-54 63,-80l81 -82c-23,-43 -42,-62 -54,-108 62,-85 164,-62 72,-198 90,-61 282,-293 363,-394 247,-309 627,-422 965,-604 260,-140 298,-132 552,-240 87,-37 79,-57 148,-104 107,-72 88,-35 179,-1 49,18 171,51 201,-1 47,-81 -84,-86 -119,-134 133,-31 207,-126 334,-170 134,-46 289,-65 469,-39 285,41 638,56 900,145 99,35 100,28 225,28 52,1 118,11 162,-18 62,-40 7,-39 65,-80 112,-79 638,-135 785,-152 241,-29 181,161 357,124 -2,-100 -44,-125 -126,-145l80 -28c47,-24 31,-31 74,-52 154,-71 472,-67 639,-64 48,-90 78,-90 126,-162 -26,-39 -41,-53 -54,-108 216,-144 1,-126 157,-275 222,-212 385,-493 668,-630l249 -113c210,-79 704,6 862,-19 241,-39 435,158 443,-206 -85,-20 -89,-9 -157,-11l-407 -20c-101,-13 -130,20 -175,-42l319 -113c83,-38 174,-123 277,-174 130,-64 442,-134 441,-329 -1,-69 -26,-76 -81,-78l-163 45c-128,58 -667,416 -891,516l-184 85c-96,45 -87,66 -222,66l0 -126z"/>[m
[31m-   <path class="fil0" d="M4794 21468c-19,32 -71,46 -105,63 -61,29 22,10 -72,25 -23,3 -52,2 -76,2 96,85 39,378 80,515 19,64 30,109 46,170 16,59 39,113 50,167l87 561c23,127 48,230 72,361 29,154 18,188 7,352 -15,244 -125,491 -125,739 -70,33 -63,-7 -96,48 -22,36 -13,102 -13,151 -153,41 -149,88 -198,108 -24,-22 -23,-20 -54,-36l127 -216c120,-242 9,-326 -50,-546 -51,-189 -59,-385 -137,-566l-166 -356c-80,-131 -94,-190 -196,-345 -59,-90 -242,-354 -269,-434 -32,-98 9,-275 -94,-338l-51 -21c-4,-2 -9,-4 -12,-6 -161,-89 -32,-231 -209,-315 -95,-45 -125,-113 -202,-158 -39,-22 -71,-18 -119,-43 -57,-30 -29,-48 -120,-53 -109,-5 -146,79 -196,153 -89,-32 -218,-185 -270,-198 -124,10 -221,133 -339,122 -68,-7 -103,-59 -181,-49 -79,9 -71,65 -165,71 -130,9 -67,-48 -192,6 -144,61 -315,-114 -547,-114 15,175 164,281 188,456 0,6 10,245 4,275 -8,41 -20,93 -30,133 -41,160 -104,27 -42,279 30,123 14,64 -5,159 -26,127 -45,219 -20,351 25,126 61,197 18,333 -49,154 3,353 85,483l60 156c30,94 151,131 199,215 75,130 44,147 156,260 357,358 371,141 569,277l266 149c111,48 130,110 264,150 95,29 237,34 323,92 58,40 62,36 135,63 70,27 80,47 143,75 132,60 133,-71 311,-8 260,93 468,-66 620,-168l0 -216c199,4 311,171 393,327 154,293 136,153 155,396 3,31 1,16 10,34 35,75 3,-40 37,54 -119,-28 -49,-53 -199,-18 11,128 83,89 192,114 56,14 57,21 84,61l106 200c68,103 120,175 170,299 33,83 51,143 82,224 86,220 -106,130 170,442l444 403c60,60 92,92 149,158 27,33 6,9 34,38l115 119c154,159 265,375 326,594 26,95 17,191 39,285 -34,-23 -92,-76 -128,-92 -165,-75 -55,106 -9,156 4,4 14,15 18,19 34,33 4,5 39,33 46,37 99,73 116,118 -79,19 -215,10 -271,36 44,83 4,23 51,58 277,202 332,141 706,141 162,0 325,0 487,0 180,0 308,18 468,18 51,-76 44,-19 63,-140 13,-85 15,-93 -97,-96l-1137 -35c0,-136 -20,-121 58,-194 57,-54 84,-62 86,-166 -111,0 -123,16 -144,108l-36 0c0,-150 6,-64 -45,-136 -51,-73 -139,-292 -162,-380 -25,-99 52,-165 93,-247 37,-74 74,-185 132,-228 47,31 27,16 62,64 91,123 99,108 262,99 365,-23 334,-215 487,-289 161,-78 110,22 214,-183l97 -155c121,-246 223,-226 282,-385 79,-216 88,-183 165,-358 24,-55 35,-128 75,-177 98,-120 192,-101 225,-297l50 -221c20,-104 -2,-129 -28,-207 -32,-94 4,-104 28,-208 27,-121 -7,-129 -22,-211 -13,-74 -11,-174 -31,-239 -20,-68 -58,-107 -82,-171 -35,-97 -134,-122 -184,-212 -2,-3 -4,-8 -6,-12 -2,-3 -5,-8 -6,-11 -2,-4 -5,-9 -7,-12l-103 -240c-65,-128 -184,-153 -243,-279 -170,-363 -68,-116 -213,-238 -147,-124 -116,-147 -188,-262l-87 -183 -44 -353c-68,6 -57,8 -94,51l-181 251c-82,118 -65,57 -175,113 -97,50 -36,94 -199,108 -134,12 -107,33 -169,119 -61,86 -100,67 -223,84 -195,26 -166,141 -218,286 -19,52 -12,-28 -21,70 -92,-8 -64,-38 -163,-39 -104,0 -122,61 -156,134 -42,91 -81,76 -95,211 -12,124 -119,164 -76,290 25,73 42,60 42,161 1,101 -14,104 -74,144 35,151 100,190 134,316 34,130 5,301 9,441 4,129 32,280 37,414 4,100 25,124 33,201 22,188 65,375 141,544 51,113 97,223 129,340 35,128 34,218 138,313 70,64 201,142 316,152 -22,94 -71,156 -162,180 -9,-107 -42,-61 -99,-117 -60,-58 -21,-79 -136,-81 -12,47 7,20 -36,36 -20,-78 -444,-442 -636,-716 -135,-194 -231,-555 -370,-801 -35,-63 -69,-234 -75,-322 -5,-83 -16,-112 -18,-180 -64,-29 -72,0 -150,-156 -35,-72 -68,-188 -86,-274 -24,-118 -37,-152 -35,-309 5,-318 141,-846 236,-1170l13 -285c-36,-176 -69,73 -160,-416l-124 -687c-22,-121 -84,-637 -54,-703z"/>[m
[31m-   <path class="fil0" d="M16183 6096c0,79 19,128 32,185 68,311 -10,273 96,606 78,241 100,559 156,817 139,641 19,685 -53,1255 -1,8 -15,98 -19,107 -42,94 -1,6 -61,34 -81,37 -18,97 -61,186 -53,25 -45,6 -87,21 -57,19 -49,-2 -57,69 -78,-7 -33,2 -90,-36 10,-40 4,-18 26,-46 64,-85 134,-172 150,-282 24,-163 -48,-271 -93,-423 -93,-317 -33,-431 -303,-922 -23,-42 -48,-77 -65,-115 -50,-105 -70,-142 -130,-231 -434,-647 -208,-422 -316,-711 -51,-138 -120,-37 -191,-169 -19,-36 -22,-89 -32,-130 -21,-83 -14,-67 -83,-97 -142,-62 -109,-92 -203,-158l-241 -104c-127,-19 -146,95 -213,144 -97,-26 -177,-130 -253,-180 -165,4 -221,121 -357,107 -76,-7 -116,-57 -176,-46 -62,12 -84,64 -158,76 -47,9 -58,-3 -89,-6 -117,-15 -79,38 -188,28 -134,-13 -299,-141 -473,-141 2,90 31,110 64,188 5,11 24,46 31,59 131,218 62,180 101,367 23,107 -5,168 -31,272 -55,219 -112,-139 -38,267 33,178 -71,275 -30,497 84,450 -34,317 2,502 12,63 17,125 31,186 10,41 44,89 66,133 2,3 4,8 6,12 91,170 23,153 200,304 46,39 23,11 54,54 84,121 10,139 152,263 18,15 35,27 50,40 368,337 246,108 495,226l264 150c52,23 85,40 128,71 96,70 165,99 286,128 88,20 100,-1 176,41 72,40 39,34 133,64 74,25 77,39 142,75 153,85 167,-41 337,4 324,87 428,-51 625,-155 0,-219 -39,-284 143,-179 31,18 34,18 70,37 110,57 163,214 225,317l112 214c15,41 -7,99 7,136 12,33 18,-2 37,70 -65,-34 -113,-59 -198,-18 11,105 112,93 196,110 88,17 101,87 140,166 22,44 26,53 53,92l167 301c177,433 75,332 100,440 36,158 321,367 439,481 16,16 21,21 37,35l29 25c3,2 7,5 10,8l523 558c84,116 144,290 181,432 22,84 15,183 35,271 -35,-18 -271,-190 -204,-16 10,28 69,90 91,111 43,41 73,50 113,103 97,19 18,-2 90,37 -27,61 13,18 -42,54 -49,31 -127,17 -210,17 37,59 181,89 220,83 74,-12 151,-81 248,-101l1 -198c72,-95 148,-97 142,-182 -9,-116 -121,-16 -142,74l-37 0c10,-111 45,-41 -20,-122 -56,-68 -152,-303 -177,-385 -34,-106 33,-156 78,-243 39,-78 76,-196 138,-241 128,34 42,204 338,158 386,-59 326,-219 483,-291 92,-42 119,-16 170,-101 34,-56 44,-110 84,-168l101 -170c59,-80 176,-155 230,-292 114,-293 85,-163 168,-355 126,-291 53,-130 222,-300 64,-65 106,-279 126,-399 16,-102 -16,-141 -27,-213 -16,-111 28,-123 34,-230l-62 -426c-35,-81 -29,-20 -83,-169 -41,-113 -60,-55 -134,-136l-69 -111c-8,-15 -15,-27 -23,-49 -17,-46 -12,-48 -32,-94 -117,-265 -210,-195 -291,-376 -152,-338 -56,-77 -249,-274 -177,-179 -83,-119 -155,-224 -66,-96 -86,-147 -93,-303 -4,-71 -21,-172 -36,-234 -162,37 -218,309 -336,384 -106,67 1,-44 -181,108 -62,52 -37,24 -131,31 -117,9 -111,53 -162,126 -115,165 -334,6 -394,201l-75 231c-175,-4 -208,-122 -312,103 -51,113 -76,33 -101,223 -10,73 -10,67 -43,119 -133,209 110,233 -16,418 -66,95 -64,83 50,279 55,95 42,147 43,282 2,275 50,922 135,1181 62,189 197,472 221,608 15,87 -5,73 34,146 63,119 233,263 403,263 -8,104 -56,171 -162,180 -12,-145 -11,27 -162,-198 -92,8 -24,14 -108,36 -144,-215 -291,-292 -397,-414 -264,-304 -228,-229 -386,-624l-236 -502c-56,-115 -36,-411 -116,-479 -139,-119 -231,-467 -236,-648 -8,-267 156,-965 239,-1240 17,-60 15,-83 15,-165l-4 -141c-15,-75 -40,-69 -40,-69 -32,-30 0,15 -38,-33l-84 -313c-25,-153 -59,-308 -84,-456l-93 -718c-1,-115 -18,-151 -18,-253l252 0 -216 0 -98 -158c-40,-25 21,-6 -64,-22 -21,39 -100,116 -108,198z"/>[m
[31m-   <path class="fil0" d="M16183 6096c8,-82 87,-159 108,-198 85,16 24,-3 64,22l98 158 216 0c136,-53 185,-44 281,-134 106,-100 63,-122 231,-183 122,-44 113,-125 174,-223 184,-293 16,-73 257,-355 118,-137 59,-92 133,-264 25,-60 50,-85 78,-138 66,-126 76,-209 139,-276 92,-97 134,-64 188,-226 159,-484 -31,-408 53,-649 75,-215 -17,-112 -20,-309 -3,-146 -59,-274 -122,-382 -56,-95 -73,-25 -152,-155 -194,-315 -33,-220 -336,-511 -56,-54 -112,-197 -129,-268 -133,0 -117,-49 -206,-118 -63,-48 -152,-228 -184,-321 -53,-155 -7,-179 -60,-408l-54 0 -253 360c-89,94 -81,1 -193,113 -74,74 -103,68 -239,68 -175,262 -113,162 -336,205 -88,17 -116,47 -140,130l-65 224c-118,-28 -180,-105 -276,12 -44,55 -24,68 -71,126 -147,184 3,114 -116,300 -39,61 -53,81 -25,156 93,247 18,235 -34,307 47,203 94,158 133,316 34,132 -3,295 16,436 15,114 21,290 32,417 13,137 64,446 112,573l190 513c33,135 8,182 142,309 78,75 48,12 145,89 96,76 78,25 167,68 -13,55 -33,62 -32,107 3,76 24,10 32,109l54 0z"/>[m
[31m-  </g>[m
[31m- </g>[m
[31m-</svg>[m
[1mdiff --git a/img/background2.svg b/img/background2.svg[m
[1mdeleted file mode 100644[m
[1mindex 929142b..0000000[m
[1m--- a/img/background2.svg[m
[1m+++ /dev/null[m
[36m@@ -1,18 +0,0 @@[m
[31m-<?xml version="1.0" encoding="UTF-8"?>[m
[31m-<!DOCTYPE svg PUBLIC "-//W3C//DTD SVG 1.1//EN" "http://www.w3.org/Graphics/SVG/1.1/DTD/svg11.dtd">[m
[31m-<!-- Creator: CorelDRAW X7 -->[m
[31m-<svg xmlns="http://www.w3.org/2000/svg" xml:space="preserve" width="210mm" height="297mm" version="1.1" style="shape-rendering:geometricPrecision; text-rendering:geometricPrecision; image-rendering:optimizeQuality; fill-rule:evenodd; clip-rule:evenodd"[m
[31m-viewBox="0 0 21000 29700"[m
[31m- xmlns:xlink="http://www.w3.org/1999/xlink">[m
[31m- <defs>[m
[31m-  <style type="text/css">[m
[31m-   <![CDATA[[m
[31m-    .fil0 {fill:#303030}[m
[31m-   ]]>[m
[31m-  </style>[m
[31m- </defs>[m
[31m- <g id="Camada_x0020_1">[m
[31m-  <metadata id="CorelCorpID_0Corel-Layer"/>[m
[31m-  <path class="fil0" d="M4208 920c0,324 -87,615 188,837 272,219 47,251 334,363 103,41 58,8 164,82 484,339 451,-12 1268,658 75,61 62,58 138,107 742,479 1612,1221 2367,1732 100,68 166,119 260,191 437,330 454,136 661,322 104,94 156,140 268,224 182,137 104,65 316,135 111,37 222,129 306,185 200,134 380,257 564,420 182,163 854,781 1105,799 101,7 191,32 302,129 284,251 737,370 1000,640 59,60 62,63 131,115 182,138 404,260 552,432l1329 1293c214,214 407,404 562,668 90,152 107,151 224,268 156,154 275,350 408,534 70,97 126,193 192,300l377 565c258,388 533,767 741,1185 63,126 87,221 153,340 125,229 257,390 352,631 226,577 521,1079 702,1675 133,437 232,713 300,1176 108,740 -46,1376 -471,1984 -288,411 -440,530 -847,833l-227 142c-8,4 -18,11 -25,16l-49 33c-7,5 -17,12 -24,16 -8,5 -18,11 -26,16 -8,4 -18,10 -26,15 -483,255 -1006,331 -1504,545l-85 37c-56,20 -22,11 -95,28 -158,37 -241,57 -395,97l-1246 188c-178,13 -292,0 -467,25 -795,114 -2385,115 -3221,140 -206,6 -227,41 -448,44 -332,4 -640,-10 -914,28 -280,38 -399,-27 -673,64 -107,36 -84,29 -216,31 -443,6 -1541,287 -1954,423 -291,96 -1262,616 -1404,767 -373,396 -706,776 -874,1299 -48,150 -86,159 -127,365 -18,92 -32,305 -51,440 -58,422 -65,900 -13,1331l465 1953c203,588 426,732 776,1149 383,455 1075,467 1664,467l0 -164c-400,0 -816,-33 -1107,-164 -213,-96 -408,-203 -570,-372 -6,-6 -14,-15 -20,-21 -5,-6 -13,-16 -18,-22 -36,-46 -35,-55 -66,-99 -268,-378 -220,-218 -446,-701 -233,-498 -295,-1090 -397,-1652 -36,-197 -36,-86 -68,-219 -42,-177 -40,-1006 -26,-1106 62,-427 121,-979 357,-1365 207,-338 469,-732 790,-972l815 -497c116,-80 191,-84 329,-122 1272,-353 648,-224 1872,-382 326,-42 849,-8 1088,-59 198,-43 49,-77 540,-74 443,2 726,-41 1148,-41 569,0 1201,105 1780,17 228,-34 448,-1 677,-19l1788 -220c236,-40 362,-75 580,-117 222,-42 341,-62 563,-133l330 -121c148,-81 828,-268 1144,-455 88,-52 130,-60 203,-124l569 -456c146,-146 166,-226 287,-368l413 -612c52,-96 77,-153 114,-255 29,-80 48,-157 77,-251 78,-253 59,-350 87,-609 34,-308 46,-273 -27,-559 -68,-267 -70,-644 -133,-891 -176,-684 -497,-1322 -788,-1958 -82,-178 -195,-257 -271,-426l-1952 -3129c-98,-121 -47,-107 -144,-225 -213,-261 -450,-429 -642,-711 -282,-416 -773,-728 -1013,-994 -275,-305 -749,-744 -1101,-990l-404 -293c-7,-5 -17,-12 -24,-17 -88,-67 42,32 -45,-36 -263,-207 -738,-376 -937,-580l-916 -806c-130,-116 -264,-200 -385,-311l-511 -513c-152,-133 -109,-251 -278,-378 -519,-390 -448,-494 -448,-495 -50,-120 -288,-267 -406,-372 -70,-61 -101,-109 -158,-170 -6,-6 -14,-15 -20,-21 -334,-337 -753,-584 -1070,-938l-1643 -1472c-235,-224 -111,-134 -230,-426 -75,-184 -183,-257 -299,-397 -189,-228 -101,-168 -409,-287 -680,-263 -881,-142 -1250,375 -62,87 -116,155 -116,293z"/>[m
[31m- </g>[m
[31m-</svg>[m
[1mdiff --git a/img/background3.svg b/img/background3.svg[m
[1mdeleted file mode 100644[m
[1mindex f64b158..0000000[m
[1m--- a/img/background3.svg[m
[1m+++ /dev/null[m
[36m@@ -1,18 +0,0 @@[m
[31m-<?xml version="1.0" encoding="UTF-8"?>[m
[31m-<!DOCTYPE svg PUBLIC "-//W3C//DTD SVG 1.1//EN" "http://www.w3.org/Graphics/SVG/1.1/DTD/svg11.dtd">[m
[31m-<!-- Creator: CorelDRAW X7 -->[m
[31m-<svg xmlns="http://www.w3.org/2000/svg" xml:space="preserve" width="210mm" height="297mm" version="1.1" style="shape-rendering:geometricPrecision; text-rendering:geometricPrecision; image-rendering:optimizeQuality; fill-rule:evenodd; clip-rule:evenodd"[m
[31m-viewBox="0 0 21000 29700"[m
[31m- xmlns:xlink="http://www.w3.org/1999/xlink">[m
[31m- <defs>[m
[31m-  <style type="text/css">[m
[31m-   <![CDATA[[m
[31m-    .fil0 {fill:#303030}[m
[31m-   ]]>[m
[31m-  </style>[m
[31m- </defs>[m
[31m- <g id="Camada_x0020_1">[m
[31m-  <metadata id="CorelCorpID_0Corel-Layer"/>[m
[31m-  <path class="fil0" d="M2798 1688c0,302 -82,574 176,782 254,204 44,234 312,339 97,38 54,7 153,76 453,317 422,-10 1186,615 70,58 57,55 129,101 693,448 1506,1141 2212,1619 94,63 155,111 243,178 409,309 425,127 618,301 97,88 146,131 251,210 170,127 97,61 295,126 104,34 208,120 287,173 186,125 354,240 526,393 170,152 799,730 1033,746 95,7 179,30 283,121 265,235 689,346 935,598 54,56 58,59 122,108 170,129 377,243 516,403l1243 1209c199,200 380,377 525,624 83,143 99,141 209,251 145,144 257,327 382,499 65,91 118,181 179,281l353 528c241,362 497,717 692,1108 59,117 82,206 143,317 117,214 240,365 329,590 211,540 487,1009 656,1566 124,408 217,666 280,1099 102,692 -42,1286 -440,1855 -269,384 -411,496 -791,779l-213 132c-7,4 -16,11 -23,15l-45 31c-7,5 -17,11 -24,15 -7,5 -16,11 -23,15 -8,4 -17,10 -25,14 -451,239 -940,310 -1406,509l-80 35c-51,19 -20,10 -88,26 -148,35 -226,54 -370,91l-1164 176c-166,12 -273,0 -437,23 -743,107 -2229,107 -3011,131 -192,5 -212,38 -418,41 -310,4 -598,-9 -855,26 -261,36 -373,-25 -629,60 -99,34 -78,27 -202,29 -414,6 -1441,269 -1826,395 -272,90 -1180,576 -1313,718 -348,370 -660,725 -817,1213 -45,141 -80,149 -118,342 -17,86 -30,285 -48,412 -54,393 -61,840 -13,1243l435 1826c190,550 399,684 726,1074 358,425 1005,437 1555,437l0 -153c-374,0 -762,-31 -1034,-154 -200,-90 -382,-190 -533,-348 -5,-5 -13,-14 -19,-19 -5,-6 -12,-15 -17,-21 -34,-43 -32,-51 -61,-92 -251,-354 -206,-204 -417,-656 -218,-466 -277,-1019 -371,-1544 -34,-185 -34,-80 -64,-205 -39,-166 -38,-940 -24,-1033 57,-400 113,-915 334,-1277 193,-315 437,-684 738,-908l761 -465c109,-74 179,-78 308,-114 1190,-330 606,-209 1750,-357 305,-39 794,-7 1017,-55 186,-40 46,-72 505,-69 414,2 679,-39 1073,-39 532,0 1123,98 1664,17 213,-33 419,-2 633,-19l1671 -206c221,-36 338,-69 542,-108 208,-40 319,-59 527,-125l308 -113c139,-76 774,-250 1069,-425 83,-49 122,-57 190,-116l532 -426c136,-137 155,-212 268,-345l386 -572c49,-89 73,-142 107,-238 27,-75 45,-147 72,-235 73,-236 55,-326 82,-569 31,-288 42,-255 -26,-522 -63,-250 -65,-602 -125,-833 -164,-639 -464,-1236 -736,-1830 -77,-167 -182,-241 -253,-398l-1825 -2926c-91,-113 -44,-99 -134,-210 -199,-244 -421,-401 -600,-665 -264,-388 -723,-680 -948,-929 -257,-285 -699,-695 -1029,-925l-377 -274c-7,-4 -16,-11 -22,-16 -83,-62 38,30 -43,-34 -246,-193 -689,-351 -876,-542l-856 -753c-121,-108 -247,-187 -360,-291l-478 -479c-142,-125 -102,-235 -260,-354 -485,-364 -418,-462 -418,-462 -47,-112 -269,-250 -380,-348 -65,-58 -94,-103 -148,-159 -5,-6 -13,-14 -18,-19 -313,-316 -704,-547 -1000,-878l-1536 -1375c-220,-210 -104,-126 -215,-399 -70,-172 -171,-240 -280,-371 -176,-213 -94,-157 -382,-269 -636,-245 -823,-132 -1168,351 -58,82 -109,145 -109,275z"/>[m
[31m- </g>[m
[31m-</svg>[m
[1mdiff --git a/img/logo.png b/img/logo.png[m
[1mdeleted file mode 100644[m
[1mindex 2871c79..0000000[m
Binary files a/img/logo.png and /dev/null differ
[1mdiff --git a/img/logo2.png b/img/logo2.png[m
[1mdeleted file mode 100644[m
[1mindex feecb94..0000000[m
Binary files a/img/logo2.png and /dev/null differ
[1mdiff --git a/style.css b/style.css[m
[1mindex 25a6135..a231798 100644[m
[1m--- a/style.css[m
[1m+++ b/style.css[m
[36m@@ -55,7 +55,7 @@[m [mbody{background: #222222}[m
 				 justify-content: space-around;[m
 					flex-wrap: wrap;[m
 						margin: 0 auto;[m
[31m-							background-image: url("background4.svg");[m
[32m+[m							[32mbackground-image: url("img/background4.svg");[m
 								background-repeat: no-repeat;[m
 									background-size:contain, cover;[m
 										backface-visibility: 0.2;[m
[36m@@ -65,7 +65,7 @@[m [mbody{background: #222222}[m
 	.a{width: 500px; [m
 		height: 300px;[m
 		 	margin-top: 50px;[m
[31m-		 		background-image: url("0001.png");[m
[32m+[m		[41m [m	[32m    background-image: url("img/01.jpg");[m
 		 		 	background-repeat: no-repeat;[m
  						background-size: cover;[m
 		 		  			transition: ease all 2s;[m
[36m@@ -74,12 +74,11 @@[m [mbody{background: #222222}[m
 			}[m
 	.a:hover{width: 510px;[m
 				 height: 310px;[m
[31m-				 	background: green;[m
[31m-				 		background-image: url("logo2.png");[m
[31m-				 			background-repeat: no-repeat;[m
[31m- 								background-size: cover; [m
[31m- 									box-shadow: 1px 1px 1px 1px rgba(0, 0, 0, 0.2);[m
[31m-				 					  transition: ease all 2s;[m
[32m+[m				[41m [m	[32mbackground-repeat: no-repeat;[m
[32m+[m[41m [m						[32mbackground-size: 550px 350px;[m[41m [m
[32m+[m[41m [m							[32mbox-shadow: 1px 1px 1px 1px rgba(0, 0, 0, 0.2);[m
[32m+[m[32m                               background-image: url("img/03.png");[m
[32m+[m[32m                                  transition: ease all 2s;[m
                                         }[m
 		[m
 [m
